12,8,
24,15500,50,
250,1000,5151,24,
60,300,3000,756617,
355233,478003,273981,
101456,959584,400674,949695,
987741,472371,473957,484024,710132,964708,
247884,447541,
730156,947629,617502,
296135,321484,40975,149357,
223071,346005,661053,337976,389974,
525524,739523,233916,82360,61865,964315,
495434,857219,733106,875465,795698,558976,
950413,665471,58002,74987,448836,489375,40191,
281986,467299,925804,124064,980889,598502,614984,
847557,44950,488297,492783,706477,35490,823688,560013,
178,1630,40,260726,807731,319477,75868,374686,178285,661175,
799074,59602,591156,35937,257681,103722,17684,250050,106881,704769,
978390,554943,863380,482935,993092,692524,67271,925953,434625,681729,
227812,635302,53748,786911,55672,292989,951178,101874,6193,51171,7,429484,
546760,339104,809712,707414,137380,71280,910639,700699,953615,24425,983415,
91067,150056,
34917,932829,113665,
350443,10224,322531,691538,
192262,649512,544630,609243,94292,
208950,746117,477656,147005,808379,
83203,376414,417993,667647,904549,812397,
834900,844547,289766,770701,820775,622969,277672,
388488,126050,384332,411447,293516,252503,927363,297718,
287679,550596,514745,253274,381371,955282,201439,21498,771018,
10609,652866,910162,818771,316237,114276,490680,48287,739498,697408,
659398,513806,824216,660930,349032,954909,997038,245304,743397,443841,
394384,341996,143208,988511,515840,562034,837718,298741,199530,771989,745945,
325431,517190,
242723,214178,294158,
730032,251060,465393,705381,
161979,294196,674273,524524,120514,
59309,998074,796583,24947,840301,764119,
390111,45527,520460,179030,853754,606229,
879247,30102,4313,114836,27831,891807,323132,
993245,931941,360997,725808,768665,170051,929116,
615528,30320,181339,614277,639955,444164,216857,91479,
388158,18415,558572,366478,186540,433989,481937,367444,
507479,826130,699593,601012,712330,767934,810368,73721,364562,
620600,910591,168518,807365,571254,772915,189816,142580,363369,
752871,421358,479121,10195,610115,859249,77479,405933,939209,217314,
429705,907756,92956,883171,323280,622014,402584,292337,268729,295436,
739655,211544,367783,920293,125077,853392,376256,959762,972785,823363,67248,
322643,731383,425152,878905,431865,771418,194449,426262,765593,762764,645349,
776318,730315,
991673,740814,41330,
815830,665454,646865,146833,
452211,861088,279332,517916,496654,
978620,899340,183055,736811,319845,616528,
421374,196618,907760,695616,552929,156472,771538,
526848,61243,302294,310183,524424,953503,950918,570628,
907311,183426,278956,23138,344243,155524,95518,699361,634394,
976072,735135,633290,407478,448060,976062,548261,496738,616920,
276967,817981,190639,800099,188100,866167,285786,967449,589916,469704,
908187,148091,189412,431731,512088,168748,74644,529746,375840,118171,589968,
459659,342794,686862,796484,932192,825390,169527,918079,943770,809477,697107,
558673,949058,
919722,471257,237503,
772399,858926,92708,162434,
204087,125830,621304,377911,
45817,332404,766293,184949,782092,
122416,665090,983660,957011,648457,
506448,843464,151494,806712,838972,148889,
984478,430649,69054,138057,295500,977356,617792,
367992,947810,518936,730983,752398,656885,957951,
960222,724292,9912,217706,675483,464765,764340,116156,
419608,855830,683439,138497,888240,353526,912275,315578,
323974,782181,207327,511587,8356,796960,576558,120241,265404,
977136,942638,456978,550568,220765,668950,88677,653511,328293,
849637,964370,602193,482628,651430,467280,257848,406036,209344,
387478,799995,77540,938251,380372,471973,451733,287104,411329,465238,
559263,200353,722257,299383,477484,915338,444625,859855,993576,949954,
914931,73397,693906,633960,405545,938732,894453,267503,800204,985775,332502,
211005,567743,
496422,783939,145338,
95614,598271,227762,561667,
996656,975161,207296,689736,
682953,647940,703601,445932,123589,
732207,727258,137500,533452,537002,183929,
668216,357444,940392,733315,774711,989273,391868,
336258,658983,177517,394718,651887,296423,303759,
705789,175079,838610,942934,759852,376168,438503,716376,
947943,776759,471315,514493,891789,876384,855944,762442,
899265,872287,344710,362867,965443,424491,80456,776276,413715,
688806,762883,86942,969337,782923,605383,469640,136042,612594,386013,
837247,723731,571261,54087,43202,547562,840948,271820,143499,533465,863578,
429303,900963,564715,701282,616649,664174,741274,428038,323655,105944,478944,
348743,542185,
895673,849098,571632,
265691,796123,763758,583797,
743866,741766,822004,862378,437671,
448383,734109,653402,109655,993189,
446532,461666,125840,379739,23882,878288,
513261,836173,202238,757245,212373,193083,325841,
131403,68236,96236,918992,608164,84048,180966,816554,
370823,790428,93373,284337,910311,601190,689400,223141,
560188,234654,830768,629181,321470,30393,785373,515301,141146,
702287,46987,23663,565002,429967,199741,382730,887556,622972,140913,
888775,323596,118968,783470,617915,101425,369376,389535,432617,642447,
673820,777227,597985,56899,641568,512708,298084,673557,52803,280993,778304,
404709,139884,
984130,542476,486720,
400736,714155,645024,73739,
300633,852266,407511,471337,
380035,230356,467069,312138,765289,
177649,422160,548853,413056,520957,511745,
996709,493585,949707,352034,776952,563510,176997,
317400,916364,965620,534047,753859,59001,9894,359344,
957743,517906,819421,200055,20319,901361,838556,451374,
517985,616833,780464,268295,82602,705615,930458,904435,859161,
84189,700164,895923,735496,842590,45260,579474,842363,932090,435752,
450904,270219,13284,542968,723273,87087,431662,395963,352605,175408,319598,
344093,412849,
665432,926204,951292,
41023,372517,17736,617457,
829263,981857,548842,647129,522862,
293851,899823,328027,749612,69720,120868,
93947,388976,241193,87488,741343,366182,945414,
797373,599051,341091,787937,807176,379351,73100,234897,
416611,890818,459192,831954,44901,323629,501967,251372,18775,
52831,74573,241218,379667,25130,481389,869323,738783,41123,357496,
110037,968240,133065,583179,409434,958182,479146,718506,655929,61607,
525885,678530,19178,620932,947865,175112,909088,676201,972746,241023,136259,
806394,386185,
954078,195930,470012,
797601,142483,176661,675016,
22246,582541,468052,592823,165578,
896406,715569,940881,695157,570761,833716,
59703,783685,803401,808103,567102,536893,186464,
118582,32563,8044,533514,665813,268576,371491,86690,2299,
892122,189453,438239,905216,986940,809865,796243,886659,237922,
773229,123618,426089,863738,304041,953252,539204,968031,716831,114545,
953014,21815,236969,429292,64475,74461,106016,419658,901752,41835,594300,
660337,904934,
418291,594014,811052,
305217,342735,830509,490023,
694617,794380,465966,520529,655080,
631288,904210,875955,996815,474821,595793,
140066,436016,159044,817162,341828,171273,
389737,856904,415312,772925,317726,617421,905510,
601254,185313,578221,161720,447013,720942,200595,358516,
307708,429384,545192,990995,812569,954722,397923,218149,
17863,542207,506694,826812,625690,491421,250487,423566,191727,
540545,574954,333064,655890,928424,472251,882501,560446,815096,
159536,26756,607224,478841,293670,727756,149769,836683,771760,701635,
932881,835798,902928,667451,599499,645133,275550,432325,722874,922207,387636,